<?xml version="1.0"?>
<opencv_storage>
<n_tasks>86</n_tasks>
<task0>0</task0>
<task1>1</task1>
<task2>3</task2>
<task3>8</task3>
<task4>9</task4>
<task5>12</task5>
<task6>15</task6>
<task7>25</task7>
<task8>29</task8>
<task9>31</task9>
<task10>33</task10>
<task11>59</task11>
<task12>76</task12>
<task13>85</task13>
<task14>86</task14>
<task15>91</task15>
<task16>107</task16>
<task17>108</task17>
<task18>116</task18>
<task19>132</task19>
<task20>140</task20>
<task21>271</task21>
<task22>310</task22>
<task23>380</task23>
<task24>424</task24>
<task25>300</task25>
<task26>331</task26>
<task27>506</task27>
<task28>451</task28>
<task29>188</task29>
<task30>159</task30>
<task31>192</task31>
<task32>321</task32>
<task33>345</task33>
<task34>215</task34>
<task35>111</task35>
<task36>314</task36>
<task37>182</task37>
<task38>338</task38>
<task39>207</task39>
<task40>570</task40>
<task41>190</task41>
<task42>616</task42>
<task43>579</task43>
<task44>90</task44>
<task45>255</task45>
<task46>423</task46>
<task47>515</task47>
<task48>391</task48>
<task49>316</task49>
<task50>221</task50>
<task51>404</task51>
<task52>397</task52>
<task53>383</task53>
<task54>674</task54>
<task55>573</task55>
<task56>104</task56>
<task57>581</task57>
<task58>584</task58>
<task59>407</task59>
<task60>127</task60>
<task61>77</task61>
<task62>152</task62>
<task63>234</task63>
<task64>70</task64>
<task65>242</task65>
<task66>388</task66>
<task67>574</task67>
<task68>441</task68>
<task69>270</task69>
<task70>279</task70>
<task71>320</task71>
<task72>525</task72>
<task73>294</task73>
<task74>186</task74>
<task75>585</task75>
<task76>521</task76>
<task77>17</task77>
<task78>183</task78>
<task79>272</task79>
<task80>582</task80>
<task81>410</task81>
<task82>251</task82>
<task83>225</task83>
<task84>227</task84>
<task85>655</task85>
</opencv_storage>
