<?xml version="1.0"?>
<opencv_storage>
<n_tasks>35</n_tasks>
<task0>0</task0>
<task1>8</task1>
<task2>12</task2>
<task3>13</task3>
<task4>32</task4>
<task5>61</task5>
<task6>76</task6>
<task7>105</task7>
<task8>146</task8>
<task9>175</task9>
<task10>204</task10>
<task11>224</task11>
<task12>272</task12>
<task13>284</task13>
<task14>170</task14>
<task15>274</task15>
<task16>271</task16>
<task17>401</task17>
<task18>446</task18>
<task19>307</task19>
<task20>440</task20>
<task21>310</task21>
<task22>184</task22>
<task23>111</task23>
<task24>376</task24>
<task25>190</task25>
<task26>437</task26>
<task27>117</task27>
<task28>245</task28>
<task29>454</task29>
<task30>413</task30>
<task31>337</task31>
<task32>211</task32>
<task33>21</task33>
<task34>71</task34>
</opencv_storage>
