<?xml version="1.0"?>
<opencv_storage>
<n_tasks>54</n_tasks>
<task0>1</task0>
<task1>2</task1>
<task2>4</task2>
<task3>6</task3>
<task4>7</task4>
<task5>16</task5>
<task6>17</task6>
<task7>19</task7>
<task8>25</task8>
<task9>28</task9>
<task10>83</task10>
<task11>106</task11>
<task12>112</task12>
<task13>118</task13>
<task14>119</task14>
<task15>132</task15>
<task16>180</task16>
<task17>247</task17>
<task18>396</task18>
<task19>60</task19>
<task20>222</task20>
<task21>157</task21>
<task22>22</task22>
<task23>458</task23>
<task24>370</task24>
<task25>384</task25>
<task26>178</task26>
<task27>322</task27>
<task28>230</task28>
<task29>233</task29>
<task30>94</task30>
<task31>220</task31>
<task32>297</task32>
<task33>133</task33>
<task34>302</task34>
<task35>214</task35>
<task36>114</task36>
<task37>195</task37>
<task38>422</task38>
<task39>348</task39>
<task40>347</task40>
<task41>155</task41>
<task42>357</task42>
<task43>189</task43>
<task44>375</task44>
<task45>415</task45>
<task46>414</task46>
<task47>154</task47>
<task48>381</task48>
<task49>99</task49>
<task50>383</task50>
<task51>136</task51>
<task52>285</task52>
<task53>122</task53>
</opencv_storage>
