<?xml version="1.0"?>
<opencv_storage>
<n_tasks>75</n_tasks>
<task0>2</task0>
<task1>11</task1>
<task2>14</task2>
<task3>18</task3>
<task4>27</task4>
<task5>34</task5>
<task6>35</task6>
<task7>40</task7>
<task8>41</task8>
<task9>42</task9>
<task10>43</task10>
<task11>48</task11>
<task12>53</task12>
<task13>66</task13>
<task14>72</task14>
<task15>84</task15>
<task16>102</task16>
<task17>106</task17>
<task18>123</task18>
<task19>136</task19>
<task20>144</task20>
<task21>240</task21>
<task22>247</task22>
<task23>444</task23>
<task24>457</task24>
<task25>98</task25>
<task26>643</task26>
<task27>68</task27>
<task28>499</task28>
<task29>648</task29>
<task30>592</task30>
<task31>557</task31>
<task32>254</task32>
<task33>109</task33>
<task34>459</task34>
<task35>179</task35>
<task36>374</task36>
<task37>439</task37>
<task38>399</task38>
<task39>245</task39>
<task40>478</task40>
<task41>138</task41>
<task42>128</task42>
<task43>504</task43>
<task44>326</task44>
<task45>139</task45>
<task46>346</task46>
<task47>45</task47>
<task48>229</task48>
<task49>344</task49>
<task50>453</task50>
<task51>193</task51>
<task52>16</task52>
<task53>58</task53>
<task54>622</task54>
<task55>117</task55>
<task56>224</task56>
<task57>252</task57>
<task58>88</task58>
<task59>176</task59>
<task60>663</task60>
<task61>566</task61>
<task62>666</task62>
<task63>288</task63>
<task64>496</task64>
<task65>318</task65>
<task66>308</task66>
<task67>589</task67>
<task68>350</task68>
<task69>259</task69>
<task70>211</task70>
<task71>572</task71>
<task72>520</task72>
<task73>96</task73>
<task74>462</task74>
</opencv_storage>
