<?xml version="1.0"?>
<opencv_storage>
<n_vertices>472</n_vertices>
<corners>
  -1.2325087600000001e+02 4.4539580000000001e+01 -1.2324760100000000e+02
  4.4538724999999999e+01</corners>
<vertex0_gps>
  -1.2325034300000002e+02 4.4539200999999998e+01</vertex0_gps>
<vertex1_gps>
  -1.2324940898971566e+02 4.4539364394929194e+01</vertex1_gps>
<vertex2_gps>
  -1.2325000512389178e+02 4.4539116465975511e+01</vertex2_gps>
<vertex3_gps>
  -1.2325077391419184e+02 4.4539387760471669e+01</vertex3_gps>
<vertex4_gps>
  -1.2324793441253132e+02 4.4539463181255392e+01</vertex4_gps>
<vertex5_gps>
  -1.2324770251536775e+02 4.4539430835716480e+01</vertex5_gps>
<vertex6_gps>
  -1.2324892629479686e+02 4.4539157775205688e+01</vertex6_gps>
<vertex7_gps>
  -1.2325072980311008e+02 4.4539359912648344e+01</vertex7_gps>
<vertex8_gps>
  -1.2324867802077527e+02 4.4538952056500101e+01</vertex8_gps>
<vertex9_gps>
  -1.2325076383128985e+02 4.4539571016791697e+01</vertex9_gps>
<vertex10_gps>
  -1.2324973666994667e+02 4.4539491061118163e+01</vertex10_gps>
<vertex11_gps>
  -1.2325016392189166e+02 4.4539231451435761e+01</vertex11_gps>
<vertex12_gps>
  -1.2324917079445932e+02 4.4539198203294674e+01</vertex12_gps>
<vertex13_gps>
  -1.2324837175289269e+02 4.4539248494279569e+01</vertex13_gps>
<vertex14_gps>
  -1.2324779452097701e+02 4.4539387719090833e+01</vertex14_gps>
<vertex15_gps>
  -1.2325083819046301e+02 4.4539354522843311e+01</vertex15_gps>
<vertex16_gps>
  -1.2324814238949703e+02 4.4538949350029824e+01</vertex16_gps>
<vertex17_gps>
  -1.2324968626274767e+02 4.4539215277796430e+01</vertex17_gps>
<vertex18_gps>
  -1.2324879271376471e+02 4.4538816413025906e+01</vertex18_gps>
<vertex19_gps>
  -1.2325067182910188e+02 4.4539182944437663e+01</vertex19_gps>
<vertex20_gps>
  -1.2324770882273155e+02 4.4539324834680734e+01</vertex20_gps>
<vertex21_gps>
  -1.2324839318063293e+02 4.4539192799194652e+01</vertex21_gps>
<vertex22_gps>
  -1.2324821297235482e+02 4.4538828079120634e+01</vertex22_gps>
<vertex23_gps>
  -1.2324797476390677e+02 4.4539039177443094e+01</vertex23_gps>
<vertex24_gps>
  -1.2324784618772973e+02 4.4539508993039384e+01</vertex24_gps>
<vertex25_gps>
  -1.2324941026018743e+02 4.4538961051357532e+01</vertex25_gps>
<vertex26_gps>
  -1.2325064284146552e+02 4.4539285352331149e+01</vertex26_gps>
<vertex27_gps>
  -1.2324881412643747e+02 4.4539170349657361e+01</vertex27_gps>
<vertex28_gps>
  -1.2324863012029434e+02 4.4539178431037286e+01</vertex28_gps>
<vertex29_gps>
  -1.2324828985548042e+02 4.4538728367878498e+01</vertex29_gps>
<vertex30_gps>
  -1.2324815246944888e+02 4.4539003249190259e+01</vertex30_gps>
<vertex31_gps>
  -1.2324849528442768e+02 4.4538744542006114e+01</vertex31_gps>
<vertex32_gps>
  -1.2325031138082140e+02 4.4539020348152079e+01</vertex32_gps>
<vertex33_gps>
  -1.2324865154498174e+02 4.4539195499446606e+01</vertex33_gps>
<vertex34_gps>
  -1.2325015636557384e+02 4.4538780497087643e+01</vertex34_gps>
<vertex35_gps>
  -1.2325062141651087e+02 4.4539188334228804e+01</vertex35_gps>
<vertex36_gps>
  -1.2324892377242261e+02 4.4539209877452507e+01</vertex36_gps>
<vertex37_gps>
  -1.2324899940430851e+02 4.4538806535127939e+01</vertex37_gps>
<vertex38_gps>
  -1.2324936110316661e+02 4.4539151493570500e+01</vertex38_gps>
<vertex39_gps>
  -1.2324823691060516e+02 4.4538995166327751e+01</vertex39_gps>
<vertex40_gps>
  -1.2324992068850901e+02 4.4538776902104090e+01</vertex40_gps>
<vertex41_gps>
  -1.2324900065087125e+02 4.4539233234935146e+01</vertex41_gps>
<vertex42_gps>
  -1.2324844736864404e+02 4.4539324852710855e+01</vertex42_gps>
<vertex43_gps>
  -1.2324832892334329e+02 4.4538764301367053e+01</vertex43_gps>
<vertex44_gps>
  -1.2324978961181999e+02 4.4539041005646645e+01</vertex44_gps>
<vertex45_gps>
  -1.2324800247337160e+02 4.4539391317754820e+01</vertex45_gps>
<vertex46_gps>
  -1.2324995723774821e+02 4.4538752647888728e+01</vertex46_gps>
<vertex47_gps>
  -1.2324873598684279e+02 4.4539173941486283e+01</vertex47_gps>
<vertex48_gps>
  -1.2324946949225466e+02 4.4539063460048588e+01</vertex48_gps>
<vertex49_gps>
  -1.2325059873276986e+02 4.4538785888903647e+01</vertex49_gps>
<vertex50_gps>
  -1.2324793569793796e+02 4.4538966412904898e+01</vertex50_gps>
<vertex51_gps>
  -1.2324813482425893e+02 4.4539021215076396e+01</vertex51_gps>
<vertex52_gps>
  -1.2324789533906254e+02 4.4539532350527089e+01</vertex52_gps>
<vertex53_gps>
  -1.2324820537990203e+02 4.4539495527242153e+01</vertex53_gps>
<vertex54_gps>
  -1.2324860745151065e+02 4.4538745442596607e+01</vertex54_gps>
<vertex55_gps>
  -1.2324867424117249e+02 4.4538917022129269e+01</vertex55_gps>
<vertex56_gps>
  -1.2324887967652846e+02 4.4538768803860641e+01</vertex56_gps>
<vertex57_gps>
  -1.2325031768485550e+02 4.4538761633364899e+01</vertex57_gps>
<vertex58_gps>
  -1.2324998874506886e+02 4.4538772411074476e+01</vertex58_gps>
<vertex59_gps>
  -1.2324919475151098e+02 4.4538814622998188e+01</vertex59_gps>
<vertex60_gps>
  -1.2324976566573753e+02 4.4539049988570547e+01</vertex60_gps>
<vertex61_gps>
  -1.2324894521049352e+02 4.4538826297165237e+01</vertex61_gps>
<vertex62_gps>
  -1.2324790542768626e+02 4.4539413773164036e+01</vertex62_gps>
<vertex63_gps>
  -1.2324794323282742e+02 4.4539501809041091e+01</vertex63_gps>
<vertex64_gps>
  -1.2324927791162671e+02 4.4539546751190514e+01</vertex64_gps>
<vertex65_gps>
  -1.2324793441080672e+02 4.4539497317238293e+01</vertex65_gps>
<vertex66_gps>
  -1.2325069703459869e+02 4.4539438964351810e+01</vertex66_gps>
<vertex67_gps>
  -1.2324799114933049e+02 4.4539011330081159e+01</vertex67_gps>
<vertex68_gps>
  -1.2324770377632358e+02 4.4539419157651963e+01</vertex68_gps>
<vertex69_gps>
  -1.2325063780129138e+02 4.4539018552664679e+01</vertex69_gps>
<vertex70_gps>
  -1.2325070207623448e+02 4.4539319488419295e+01</vertex70_gps>
<vertex71_gps>
  -1.2324904855119723e+02 4.4538967334368124e+01</vertex71_gps>
<vertex72_gps>
  -1.2324821169696266e+02 4.4539157760821048e+01</vertex72_gps>
<vertex73_gps>
  -1.2324813355298964e+02 4.4539253878719244e+01</vertex73_gps>
<vertex74_gps>
  -1.2324923759160895e+02 4.4539181136277591e+01</vertex74_gps>
<vertex75_gps>
  -1.2324920355208324e+02 4.4539565614751680e+01</vertex75_gps>
<vertex76_gps>
  -1.2324873471635355e+02 4.4539450622587481e+01</vertex76_gps>
<vertex77_gps>
  -1.2324966105873681e+02 4.4539105683060470e+01</vertex77_gps>
<vertex78_gps>
  -1.2324974927166024e+02 4.4539568316362029e+01</vertex78_gps>
<vertex79_gps>
  -1.2324822428181155e+02 4.4539559308070253e+01</vertex79_gps>
<vertex80_gps>
  -1.2325035548899643e+02 4.4539322182315289e+01</vertex80_gps>
<vertex81_gps>
  -1.2325016014389485e+02 4.4538991601216310e+01</vertex81_gps>
<vertex82_gps>
  -1.2325000260592086e+02 4.4538939497834271e+01</vertex82_gps>
<vertex83_gps>
  -1.2324788528426606e+02 4.4538991564429949e+01</vertex83_gps>
<vertex84_gps>
  -1.2324913677694219e+02 4.4538830791809175e+01</vertex84_gps>
<vertex85_gps>
  -1.2324793569884524e+02 4.4538948446598091e+01</vertex85_gps>
<vertex86_gps>
  -1.2324877128125222e+02 4.4539018533585946e+01</vertex86_gps>
<vertex87_gps>
  -1.2325064662272615e+02 4.4539206300588830e+01</vertex87_gps>
<vertex88_gps>
  -1.2325084953322570e+02 4.4539571016843531e+01</vertex88_gps>
<vertex89_gps>
  -1.2324968122438217e+02 4.4539074242235571e+01</vertex89_gps>
<vertex90_gps>
  -1.2325031768399413e+02 4.4538851464898954e+01</vertex90_gps>
<vertex91_gps>
  -1.2324973415501285e+02 4.4539200006922812e+01</vertex91_gps>
<vertex92_gps>
  -1.2324767857921188e+02 4.4539250273667676e+01</vertex92_gps>
<vertex93_gps>
  -1.2324990303410092e+02 4.4539383264810404e+01</vertex93_gps>
<vertex94_gps>
  -1.2324793441879432e+02 4.4539339213738515e+01</vertex94_gps>
<vertex95_gps>
  -1.2324768109156203e+02 4.4539401190714990e+01</vertex95_gps>
<vertex96_gps>
  -1.2324878513231413e+02 4.4539362588614949e+01</vertex96_gps>
<vertex97_gps>
  -1.2325056722115221e+02 4.4539535982132364e+01</vertex97_gps>
<vertex98_gps>
  -1.2325049160160533e+02 4.4539571914517296e+01</vertex98_gps>
