<?xml version="1.0"?>
<opencv_storage>
<n_vertices>675</n_vertices>
<corners>
  -1.2325086600000000e+02 4.4539456999999999e+01 -1.2324777600000000e+02
  4.4538162000000000e+01</corners>
<vertex0_gps>
  -1.2325034300000000e+02 4.4539200999999998e+01</vertex0_gps>
<vertex1_gps>
  -1.2324940529707381e+02 4.4539134495484269e+01</vertex1_gps>
<vertex2_gps>
  -1.2325057865130454e+02 4.4538587430390216e+01</vertex2_gps>
<vertex3_gps>
  -1.2324873484250999e+02 4.4538259525836288e+01</vertex3_gps>
<vertex4_gps>
  -1.2324785262281054e+02 4.4538525407376355e+01</vertex4_gps>
<vertex5_gps>
  -1.2324788535032590e+02 4.4539312332470779e+01</vertex5_gps>
<vertex6_gps>
  -1.2325076769567993e+02 4.4539072520992121e+01</vertex6_gps>
<vertex7_gps>
  -1.2324845501088819e+02 4.4539377922890260e+01</vertex7_gps>
<vertex8_gps>
  -1.2324925533432273e+02 4.4538609877315956e+01</vertex8_gps>
<vertex9_gps>
  -1.2324907511633474e+02 4.4538441889672811e+01</vertex9_gps>
<vertex10_gps>
  -1.2324904612877548e+02 4.4538464347099712e+01</vertex10_gps>
<vertex11_gps>
  -1.2325051311747730e+02 4.4538283799622079e+01</vertex11_gps>
<vertex12_gps>
  -1.2324983507618020e+02 4.4538438305767187e+01</vertex12_gps>
<vertex13_gps>
  -1.2325022702209698e+02 4.4539056349576896e+01</vertex13_gps>
<vertex14_gps>
  -1.2324797739090150e+02 4.4538557749941262e+01</vertex14_gps>
<vertex15_gps>
  -1.2325008460779573e+02 4.4538989873359199e+01</vertex15_gps>
<vertex16_gps>
  -1.2325035179668254e+02 4.4538631447048587e+01</vertex16_gps>
<vertex17_gps>
  -1.2325036313518230e+02 4.4539120130644129e+01</vertex17_gps>
<vertex18_gps>
  -1.2324965232116384e+02 4.4539004242642058e+01</vertex18_gps>
<vertex19_gps>
  -1.2325078282069965e+02 4.4538177798924998e+01</vertex19_gps>
<vertex20_gps>
  -1.2324977710463621e+02 4.4538322422552127e+01</vertex20_gps>
<vertex21_gps>
  -1.2325064292751381e+02 4.4538367343274935e+01</vertex21_gps>
<vertex22_gps>
  -1.2325081936834054e+02 4.4539226132948023e+01</vertex22_gps>
<vertex23_gps>
  -1.2324890371203297e+02 4.4538553277968461e+01</vertex23_gps>
<vertex24_gps>
  -1.2324791689674316e+02 4.4538552358508518e+01</vertex24_gps>
<vertex25_gps>
  -1.2324959436227049e+02 4.4538299962786652e+01</vertex25_gps>
<vertex26_gps>
  -1.2324800889431845e+02 4.4538641294057641e+01</vertex26_gps>
<vertex27_gps>
  -1.2324793828449754e+02 4.4539295265843762e+01</vertex27_gps>
<vertex28_gps>
  -1.2324783499469740e+02 4.4538216386434243e+01</vertex28_gps>
<vertex29_gps>
  -1.2324900199534579e+02 4.4539182100347539e+01</vertex29_gps>
<vertex30_gps>
  -1.2324983633874990e+02 4.4538309846684839e+01</vertex30_gps>
<vertex31_gps>
  -1.2324818783127826e+02 4.4539206338728128e+01</vertex31_gps>
<vertex32_gps>
  -1.2324893518984757e+02 4.4539448898897703e+01</vertex32_gps>
<vertex33_gps>
  -1.2324950486878357e+02 4.4538836256017021e+01</vertex33_gps>
<vertex34_gps>
  -1.2325011107008957e+02 4.4539315063689827e+01</vertex34_gps>
<vertex35_gps>
  -1.2325065678719287e+02 4.4539364473328980e+01</vertex35_gps>
<vertex36_gps>
  -1.2324931455335508e+02 4.4539178511743472e+01</vertex36_gps>
<vertex37_gps>
  -1.2324882053708765e+02 4.4538414037636365e+01</vertex37_gps>
<vertex38_gps>
  -1.2324878524923798e+02 4.4538400562271008e+01</vertex38_gps>
<vertex39_gps>
  -1.2325069838067758e+02 4.4538326919179120e+01</vertex39_gps>
<vertex40_gps>
  -1.2325026735872235e+02 4.4538408664434201e+01</vertex40_gps>
<vertex41_gps>
  -1.2324822944712712e+02 4.4538643994289750e+01</vertex41_gps>
<vertex42_gps>
  -1.2324977204735283e+02 4.4539179415338815e+01</vertex42_gps>
<vertex43_gps>
  -1.2325068577624181e+02 4.4538804822921122e+01</vertex43_gps>
<vertex44_gps>
  -1.2324889864075136e+02 4.4539443508384075e+01</vertex44_gps>
<vertex45_gps>
  -1.2325008713035041e+02 4.4538845244606563e+01</vertex45_gps>
<vertex46_gps>
  -1.2324913180387898e+02 4.4539310561478970e+01</vertex46_gps>
<vertex47_gps>
  -1.2324829495080768e+02 4.4539369834573272e+01</vertex47_gps>
<vertex48_gps>
  -1.2325027239701811e+02 4.4538692532108001e+01</vertex48_gps>
<vertex49_gps>
  -1.2325023332101873e+02 4.4539298894753763e+01</vertex49_gps>
<vertex50_gps>
  -1.2324844622098981e+02 4.4538599981619953e+01</vertex50_gps>
<vertex51_gps>
  -1.2324964349852007e+02 4.4539026700431805e+01</vertex51_gps>
<vertex52_gps>
  -1.2325057738738315e+02 4.4539317760758827e+01</vertex52_gps>
<vertex53_gps>
  -1.2324937126345341e+02 4.4539335717681745e+01</vertex53_gps>
<vertex54_gps>
  -1.2325075257191739e+02 4.4539083300762236e+01</vertex54_gps>
<vertex55_gps>
  -1.2325062906027109e+02 4.4539345608652852e+01</vertex55_gps>
<vertex56_gps>
  -1.2324973298181077e+02 4.4538963819277541e+01</vertex56_gps>
<vertex57_gps>
  -1.2325077273669400e+02 4.4539218048081501e+01</vertex57_gps>
<vertex58_gps>
  -1.2324959182457796e+02 4.4539081497104725e+01</vertex58_gps>
<vertex59_gps>
  -1.2324858736221501e+02 4.4538920683089678e+01</vertex59_gps>
<vertex60_gps>
  -1.2325051941373212e+02 4.4539160555413602e+01</vertex60_gps>
<vertex61_gps>
  -1.2324968636250051e+02 4.4538364642475045e+01</vertex61_gps>
<vertex62_gps>
  -1.2325039716300654e+02 4.4539197385907656e+01</vertex62_gps>
<vertex63_gps>
  -1.2324919358983043e+02 4.4538251448610694e+01</vertex63_gps>
<vertex64_gps>
  -1.2324824327998574e+02 4.4539320426058723e+01</vertex64_gps>
<vertex65_gps>
  -1.2325042488930622e+02 4.4539279132713702e+01</vertex65_gps>
<vertex66_gps>
  -1.2324969012319852e+02 4.4539364467487701e+01</vertex66_gps>
<vertex67_gps>
  -1.2324803032037899e+02 4.4538622429967631e+01</vertex67_gps>
<vertex68_gps>
  -1.2325000898715911e+02 4.4539128213381112e+01</vertex68_gps>
<vertex69_gps>
  -1.2324801772399390e+02 4.4538486784038817e+01</vertex69_gps>
<vertex70_gps>
  -1.2324993211009759e+02 4.4539001550317451e+01</vertex70_gps>
<vertex71_gps>
  -1.2325016905016834e+02 4.4538856024918097e+01</vertex71_gps>
<vertex72_gps>
  -1.2324799627486807e+02 4.4538974568733792e+01</vertex72_gps>
<vertex73_gps>
  -1.2324854202004335e+02 4.4538195741699269e+01</vertex73_gps>
<vertex74_gps>
  -1.2325078786043358e+02 4.4539247692499039e+01</vertex74_gps>
<vertex75_gps>
  -1.2324853947146080e+02 4.4538896427613317e+01</vertex75_gps>
<vertex76_gps>
  -1.2324925156305660e+02 4.4538262229226099e+01</vertex76_gps>
<vertex77_gps>
  -1.2324934480044732e+02 4.4539195580140422e+01</vertex77_gps>
<vertex78_gps>
  -1.2325077273633573e+02 4.4539441728601268e+01</vertex78_gps>
<vertex79_gps>
  -1.2324969013598835e+02 4.4538731155172755e+01</vertex79_gps>
<vertex80_gps>
  -1.2324944183861828e+02 4.4539442618105980e+01</vertex80_gps>
<vertex81_gps>
  -1.2325027113826555e+02 4.4538540716808939e+01</vertex81_gps>
<vertex82_gps>
  -1.2324955655109505e+02 4.4538403268625032e+01</vertex82_gps>
<vertex83_gps>
  -1.2324778704374840e+02 4.4539347364170219e+01</vertex83_gps>
<vertex84_gps>
  -1.2324816518890756e+02 4.4538272988557715e+01</vertex84_gps>
<vertex85_gps>
  -1.2324969895943357e+02 4.4538665578243076e+01</vertex85_gps>
<vertex86_gps>
  -1.2324901587036207e+02 4.4538818282859424e+01</vertex86_gps>
<vertex87_gps>
  -1.2325022324597217e+02 4.4538620666615650e+01</vertex87_gps>
<vertex88_gps>
  -1.2325018165451698e+02 4.4538747328837850e+01</vertex88_gps>
<vertex89_gps>
  -1.2325015014096722e+02 4.4539229723983190e+01</vertex89_gps>
<vertex90_gps>
  -1.2324835673923012e+02 4.4538608064533804e+01</vertex90_gps>
<vertex91_gps>
  -1.2324855964339837e+02 4.4538719459898907e+01</vertex91_gps>
<vertex92_gps>
  -1.2324839203061788e+02 4.4538538895019812e+01</vertex92_gps>
<vertex93_gps>
  -1.2324971785726493e+02 4.4539006039948013e+01</vertex93_gps>
<vertex94_gps>
  -1.2324791815904477e+02 4.4538512832666001e+01</vertex94_gps>
<vertex95_gps>
  -1.2325064292574483e+02 4.4538829077359928e+01</vertex95_gps>
<vertex96_gps>
  -1.2324988169553080e+02 4.4539129110673905e+01</vertex96_gps>
<vertex97_gps>
  -1.2324895285401436e+02 4.4538849722861734e+01</vertex97_gps>
<vertex98_gps>
  -1.2325069207725126e+02 4.4538979096106907e+01</vertex98_gps>
